Narrative 0, Index 106: [80, 100, 106, 118, 131, 150, 169, 172, 178, 198, 207, 210, 218, 228]
Narrative 0, Index 150: [100, 106, 150, 172, 198, 210, 218, 228]
Narrative 0, Index 172: [100, 106, 150, 172, 198, 210, 218, 228]
Narrative 0, Index 210: [80, 100, 106, 118, 150, 169, 172, 178, 198, 207, 210, 218, 228]
Narrative 0, Index 218: [100, 106, 150, 172, 198, 210, 218, 228]
Narrative 0, Index 228: [100, 106, 150, 172, 198, 210, 218, 228]
Narrative 1, Index 115: [50, 99, 115, 127, 139, 165, 166, 179, 208, 214, 234]
Narrative 1, Index 127: [115, 127, 139, 165, 208]
Narrative 1, Index 139: [115, 127, 139, 165, 208]
Narrative 1, Index 165: [115, 127, 139, 165, 208, 214]
Narrative 1, Index 208: [115, 127, 139, 165, 208, 214]
Narrative 2, Index 34: [34, 39, 106, 116, 140, 152]
Narrative 2, Index 39: [19, 34, 39, 49, 94, 101, 104, 106, 116, 123, 125, 131, 140, 147, 148, 152, 165]
Narrative 2, Index 106: [34, 39, 106, 116, 140]
Narrative 2, Index 140: [34, 39, 106, 116, 140, 152]
Narrative 3, Index 44: [44, 45, 81, 119, 133, 158, 159, 167, 180, 190, 208]
Narrative 3, Index 45: [44, 45, 81, 119, 133, 134, 140, 158, 159, 167, 180, 190, 208]
Narrative 3, Index 81: [44, 45, 81, 119, 133, 158, 159, 167, 180, 190, 208]
Narrative 3, Index 119: [44, 45, 81, 119, 133, 158, 159, 167, 180, 190, 208]
Narrative 3, Index 133: [44, 45, 81, 119, 133, 158, 159, 167, 180, 190, 208]
Narrative 3, Index 158: [44, 45, 81, 119, 133, 158, 159, 167, 180, 190, 208]
Narrative 3, Index 159: [44, 45, 81, 119, 133, 158, 159, 167, 180, 190, 208]
Narrative 3, Index 167: [44, 45, 81, 119, 133, 134, 140, 158, 159, 167, 180, 190, 208]
Narrative 3, Index 180: [44, 45, 81, 119, 133, 158, 159, 167, 180, 190, 208]
Narrative 3, Index 190: [44, 45, 81, 119, 133, 158, 159, 167, 180, 190, 208]
Narrative 3, Index 208: [44, 45, 81, 119, 133, 158, 159, 167, 180, 190, 208]
Narrative 4, Index 131: [119, 131, 143]
Narrative 4, Index 143: [119, 131, 143]
Narrative 5, Index 55: [1, 6, 21, 55, 117, 120, 123, 151, 156, 169, 173, 174, 211, 213, 233, 235]
Narrative 5, Index 123: [1, 6, 21, 55, 102, 117, 120, 123, 151, 156, 169, 173, 174, 211, 213, 215, 233, 235]
Narrative 5, Index 156: [1, 6, 55, 117, 120, 123, 156, 169, 173, 211, 213, 235]
Narrative 5, Index 169: [1, 6, 55, 117, 120, 123, 151, 156, 169, 173, 211, 213, 233, 235]
Narrative 5, Index 173: [1, 55, 123, 156, 169, 173, 211, 213, 235]
Narrative 5, Index 211: [1, 55, 123, 156, 169, 173, 211, 213, 235]
Narrative 5, Index 213: [1, 55, 123, 156, 169, 173, 211, 213, 235]
Narrative 6, Index 113: [113, 154, 210, 231, 253, 265]
Narrative 6, Index 154: [113, 144, 154, 210, 231, 253, 265, 277]
Narrative 6, Index 210: [113, 154, 210, 231, 253, 265]
Narrative 6, Index 231: [30, 72, 113, 116, 141, 144, 148, 154, 179, 184, 210, 231, 253, 256, 257, 265, 277, 278]
Narrative 6, Index 253: [113, 154, 210, 231, 253, 265]
Narrative 6, Index 265: [113, 144, 154, 210, 231, 253, 265, 277]
Narrative 7, Index 46: [46]
Narrative 8, Index 110: [110, 120, 171]
Narrative 8, Index 120: [110, 120, 171]
Narrative 8, Index 171: [110, 120, 171]
Narrative 9, Index 123: [42, 52, 57, 58, 106, 123, 139, 160, 179, 194, 196]
Narrative 10, Index 92: [60, 92]
Narrative 11, Index 131: [20, 27, 44, 61, 64, 72, 131, 151, 168]
Narrative 11, Index 168: [131, 168]
Narrative 12, Index 158: [9, 153, 158, 160, 191, 203, 216, 228, 229, 232, 233]
Narrative 12, Index 160: [9, 119, 153, 158, 160, 191, 203, 216, 228, 229, 232, 233]
Narrative 12, Index 191: [158, 160, 191, 203, 216, 228, 229, 233]
Narrative 12, Index 203: [158, 160, 191, 203, 216, 228, 229, 232, 233]
Narrative 12, Index 216: [158, 160, 191, 203, 216, 228, 229, 233]
Narrative 12, Index 228: [153, 158, 160, 191, 203, 216, 228, 229, 232, 233]
Narrative 12, Index 229: [158, 160, 191, 203, 216, 228, 229, 232, 233]
Narrative 12, Index 233: [158, 160, 191, 203, 216, 228, 229, 233]
Narrative 13, Index 92: [37, 62, 65, 92, 106, 108, 109, 112, 137, 141, 145, 149, 189, 190, 234]
Narrative 13, Index 106: [37, 62, 65, 85, 92, 105, 106, 108, 109, 112, 137, 140, 141, 145, 149, 150, 163, 189, 190, 208, 215, 220, 224, 234]
Narrative 13, Index 108: [37, 62, 92, 106, 108, 109, 112, 137, 141, 145, 149, 150, 189, 190, 220, 224, 234]
Narrative 13, Index 109: [92, 106, 108, 109, 112, 137, 141, 145, 149, 189, 234]
Narrative 13, Index 112: [92, 106, 108, 109, 112, 137, 141, 145, 149]
Narrative 13, Index 137: [92, 106, 108, 109, 112, 137, 141, 145, 149, 189, 234]
Narrative 13, Index 141: [92, 106, 108, 109, 112, 137, 141, 145, 149, 189, 234]
Narrative 13, Index 145: [92, 106, 108, 109, 112, 137, 141, 145, 149, 189, 234]
Narrative 13, Index 149: [62, 92, 106, 108, 109, 112, 137, 141, 145, 149, 189, 220, 234]
Narrative 14, Index 16: [16, 41, 107, 176, 183, 192, 206, 212, 215]
Narrative 14, Index 183: [16, 176, 183, 206, 212, 215]
Narrative 14, Index 206: [16, 41, 107, 176, 183, 192, 206, 212, 215]
Narrative 14, Index 215: [16, 176, 183, 206, 212, 215]
Narrative 15, Index 150: [43, 150, 233, 237, 293, 297]
Narrative 15, Index 237: [43, 150, 233, 237, 239, 293, 297, 303]
Narrative 15, Index 293: [43, 150, 233, 237, 293, 297]
Narrative 15, Index 297: [43, 150, 233, 237, 293, 297]
Narrative 16, Index 91: [46, 81, 91, 97]
Narrative 16, Index 97: [91, 97]
Narrative 17, Index 8: [8, 11, 16, 24, 70, 81, 93, 121, 134, 146, 184, 190, 202, 226]
Narrative 17, Index 11: [8, 11, 16, 121, 134, 146, 184, 202, 226]
Narrative 17, Index 16: [8, 11, 16, 134, 146, 184, 202, 226]
Narrative 17, Index 134: [8, 11, 16, 23, 24, 28, 70, 81, 93, 121, 122, 134, 138, 144, 145, 146, 147, 166, 184, 190, 202, 221, 226, 236]
Narrative 17, Index 146: [8, 11, 16, 134, 146, 184, 202, 226]
Narrative 17, Index 184: [8, 11, 16, 121, 134, 146, 184, 202, 226]
Narrative 17, Index 202: [8, 11, 16, 121, 134, 146, 184, 202, 226]
Narrative 18, Index 70: [70]
Narrative 19, Index 157: [157]
Narrative 20, Index 68: [68, 92, 104, 132, 142]
Narrative 20, Index 92: [14, 60, 62, 65, 68, 92, 99, 104, 105, 125, 132, 135, 139, 142, 144, 160, 165]
Narrative 20, Index 142: [68, 92, 132, 142]
Narrative 21, Index 117: [93, 117, 124, 164, 190]
Narrative 21, Index 124: [22, 24, 42, 88, 93, 117, 124, 135, 156, 160, 161, 164, 186, 190]
Narrative 21, Index 164: [93, 117, 124, 164, 190]
Narrative 21, Index 190: [93, 117, 124, 164, 190]
Narrative 22, Index 89: [89, 114]
Narrative 23, Index 118: [18, 118, 147]
Narrative 24, Index 107: [107, 108, 128, 164, 185]
Narrative 24, Index 108: [107, 108, 128, 164, 185]
Narrative 24, Index 164: [107, 108, 128, 164, 185]
Narrative 24, Index 185: [107, 108, 128, 164, 185]
Narrative 25, Index 59: [30, 42, 46, 59, 70, 71, 72, 87, 92, 103, 114, 131]
Narrative 25, Index 70: [59, 70, 72, 87, 92, 103, 131]
Narrative 25, Index 72: [59, 70, 72, 87, 92, 103, 131]
Narrative 25, Index 87: [46, 59, 70, 72, 87, 92, 103, 114, 131]
Narrative 25, Index 92: [59, 70, 72, 87, 92, 103, 131]
Narrative 25, Index 103: [59, 70, 72, 87, 92, 103, 131]
Narrative 25, Index 131: [59, 70, 72, 87, 92, 103, 131]
Narrative 26, Index 69: [69, 97, 115, 143, 164, 167, 198, 215, 216, 233, 237, 250]
Narrative 26, Index 115: [69, 97, 115, 143, 164, 167, 198, 215, 216, 233, 237, 250]
Narrative 26, Index 143: [12, 69, 82, 97, 107, 115, 143, 158, 162, 164, 167, 177, 194, 198, 200, 215, 216, 225, 233, 237, 250, 265]
Narrative 26, Index 164: [69, 82, 97, 107, 115, 143, 164, 167, 198, 215, 216, 233, 237, 250]
Narrative 26, Index 167: [69, 82, 97, 107, 115, 143, 164, 167, 177, 198, 200, 215, 216, 233, 237, 250]
Narrative 26, Index 198: [69, 82, 97, 107, 115, 143, 164, 167, 177, 198, 200, 215, 216, 233, 237, 250]
Narrative 26, Index 215: [69, 97, 115, 143, 164, 167, 198, 215, 216, 233, 237, 250]
Narrative 26, Index 233: [69, 97, 115, 143, 164, 167, 198, 215, 216, 233, 237, 250]
Narrative 26, Index 237: [69, 82, 97, 107, 115, 143, 164, 167, 198, 200, 215, 216, 233, 237, 250]
Narrative 26, Index 250: [69, 82, 97, 107, 115, 143, 164, 167, 198, 200, 215, 216, 233, 237, 250]
Narrative 27, Index 149: [97, 149, 182, 187, 209]
Narrative 27, Index 187: [97, 149, 187, 209]
Narrative 27, Index 209: [97, 149, 182, 187, 209]
Narrative 28, Index 99: [99, 172, 199]
Narrative 28, Index 172: [99, 172, 199]
Narrative 28, Index 199: [99, 115, 172, 199, 223]
Narrative 29, Index 119: [28, 66, 97, 101, 119]
Narrative 30, Index 38: [38, 98]
Narrative 31, Index 74: [32, 40, 74, 75, 86, 96, 110, 113, 114, 139, 156, 176, 211, 212]
Narrative 31, Index 96: [32, 74, 96, 114, 139, 211, 212]
Narrative 31, Index 139: [74, 96, 139, 211]
Narrative 31, Index 211: [32, 38, 40, 74, 75, 86, 96, 110, 113, 114, 139, 156, 176, 208, 211, 212]
Narrative 32, Index 34: [34, 38, 104]
Narrative 33, Index 107: [9, 107, 112, 121, 142]
Narrative 33, Index 121: [9, 107, 112, 121, 142]
Narrative 33, Index 142: [9, 25, 26, 30, 98, 107, 112, 121, 142, 151]
Narrative 34, Index 56: [17, 21, 23, 24, 56, 60, 72, 95, 107, 110, 116, 117, 121, 131, 141, 158, 162, 178]
Narrative 35, Index 147: [147, 163, 168, 255]
Narrative 36, Index 9: [9, 28, 93, 121, 146]
Narrative 36, Index 28: [9, 28, 93, 121, 146]
Narrative 36, Index 121: [9, 28, 93, 121, 146]
Narrative 36, Index 146: [9, 12, 28, 93, 96, 121, 146]
Narrative 37, Index 36: [34, 36, 49, 55, 65, 69, 89, 96, 120, 131, 145, 150, 186, 189, 193, 209, 219]
Narrative 37, Index 65: [36, 65, 89, 120, 131, 186]
Narrative 37, Index 89: [36, 55, 65, 89, 96, 120, 131, 186, 189]
Narrative 37, Index 120: [36, 65, 89, 96, 120, 131, 186]
Narrative 37, Index 131: [36, 65, 89, 120, 131, 186]
Narrative 37, Index 186: [36, 49, 55, 65, 69, 89, 96, 120, 131, 150, 186, 189, 193, 209, 219]
Narrative 38, Index 40: [40, 53, 70, 81, 92, 107, 113]
Narrative 38, Index 53: [40, 53, 70, 81, 92, 107, 113]
Narrative 38, Index 70: [40, 53, 70, 81, 92, 113]
Narrative 38, Index 81: [40, 53, 70, 81, 92, 107, 113]
Narrative 38, Index 92: [40, 53, 70, 81, 92, 107, 113]
Narrative 38, Index 113: [40, 53, 70, 81, 92, 107, 113]
Narrative 39, Index 77: [77]
Narrative 40, Index 20: [20, 22, 55, 151, 156, 175, 191, 193]
Narrative 40, Index 22: [20, 22, 55, 151, 156, 175, 191, 193]
Narrative 40, Index 55: [20, 22, 55, 151, 156, 175, 187, 191, 193]
Narrative 40, Index 151: [20, 22, 25, 55, 151, 156, 173, 175, 187, 191, 193, 215]
Narrative 40, Index 156: [20, 22, 55, 151, 156, 173, 175, 187, 191, 193]
Narrative 40, Index 175: [20, 22, 25, 55, 68, 89, 92, 151, 156, 173, 175, 187, 191, 193, 215]
Narrative 40, Index 191: [20, 22, 55, 151, 156, 175, 191, 193]
Narrative 40, Index 193: [20, 22, 55, 151, 156, 175, 191, 193]
Narrative 41, Index 148: [148, 206, 207, 231, 250]
Narrative 41, Index 206: [148, 206, 207, 231, 250]
Narrative 41, Index 207: [148, 206, 207, 231, 250]
Narrative 41, Index 231: [148, 206, 207, 231, 250]
Narrative 41, Index 250: [148, 206, 207, 231, 250]
Narrative 42, Index 72: [67, 72]
Narrative 43, Index 100: [43, 72, 100, 102, 141, 157]
Narrative 43, Index 102: [43, 72, 100, 102, 141, 157]
Narrative 43, Index 141: [43, 72, 100, 102, 141, 157]
Narrative 43, Index 157: [43, 72, 100, 102, 141, 157]
Narrative 44, Index 129: [9, 109, 111, 121, 127, 128, 129, 134, 143, 144, 146, 151, 173, 180, 186]
Narrative 44, Index 151: [109, 127, 128, 129, 134, 151]
Narrative 45, Index 115: [115, 136]
Narrative 45, Index 136: [115, 136]
Narrative 46, Index 29: [29, 68, 73, 74, 94, 106, 110, 120, 128, 147, 149]
Narrative 46, Index 68: [29, 68, 73, 74, 94, 103, 106, 110, 120, 128, 147, 149]
Narrative 46, Index 73: [29, 68, 73, 74, 94, 106, 110, 120, 128, 147, 149]
Narrative 46, Index 74: [29, 68, 73, 74, 94, 106, 110, 120, 128, 147, 149]
Narrative 46, Index 94: [29, 68, 73, 74, 94, 110, 120, 128, 147, 149]
Narrative 46, Index 110: [29, 68, 73, 74, 94, 110, 120, 147, 149]
Narrative 46, Index 120: [29, 68, 73, 74, 94, 110, 120, 128, 147, 149]
Narrative 46, Index 149: [29, 68, 71, 73, 74, 94, 103, 106, 110, 120, 128, 147, 149]
Narrative 47, Index 6: [6, 19, 76, 151]
Narrative 47, Index 19: [6, 19, 76, 151]
Narrative 47, Index 76: [6, 19, 76, 151]
Narrative 47, Index 151: [6, 19, 76, 151]
Narrative 48, Index 90: [33, 36, 43, 75, 89, 90, 99, 102, 104, 111]
Narrative 48, Index 111: [43, 90, 111]
Narrative 49, Index 11: [11, 86]
Narrative 49, Index 86: [11, 86]
Narrative 50, Index 178: [178, 195, 220]
Narrative 50, Index 195: [85, 178, 195, 220, 223]
Narrative 52, Index 42: [42, 85, 105, 126, 182]
Narrative 52, Index 85: [42, 85, 105, 126, 182]
Narrative 52, Index 105: [42, 68, 85, 105, 126, 182]
Narrative 52, Index 126: [42, 85, 105, 126, 182]
Narrative 52, Index 182: [42, 68, 85, 92, 105, 126, 182]
Narrative 53, Index 90: [87, 90, 113, 135, 153, 156]
Narrative 53, Index 113: [87, 90, 113, 135, 153, 156]
Narrative 53, Index 135: [87, 90, 113, 135, 153, 156]
Narrative 53, Index 153: [87, 90, 113, 135, 153, 156]
Narrative 53, Index 156: [87, 90, 113, 135, 153, 156]
Narrative 54, Index 36: [36, 46, 130, 137, 163, 233]
Narrative 54, Index 46: [36, 46, 130, 137, 163, 233]
Narrative 54, Index 130: [36, 46, 87, 107, 116, 130, 137, 144, 154, 163, 173, 205, 213, 233, 239, 252]
Narrative 54, Index 137: [36, 46, 130, 137, 144, 154, 163, 233]
Narrative 54, Index 163: [36, 46, 130, 137, 144, 163, 233]
Narrative 54, Index 233: [36, 46, 130, 137, 144, 163, 233]
Narrative 55, Index 44: [21, 22, 39, 44, 49, 51, 54, 60, 67, 75, 97, 99, 101, 102, 106, 120, 131, 141, 143, 152, 178, 179, 188, 192]
Narrative 55, Index 131: [44, 67, 101, 131, 141]
Narrative 55, Index 141: [44, 67, 101, 131, 141]
Narrative 56, Index 47: [47, 78, 84, 93, 110, 157, 161, 215]
Narrative 56, Index 78: [47, 78, 84, 93, 110, 129, 157, 161, 210, 215]
Narrative 56, Index 84: [47, 78, 84, 93, 110, 129, 157, 161, 215]
Narrative 56, Index 93: [47, 78, 84, 93, 110, 157, 161, 215]
Narrative 56, Index 215: [47, 78, 84, 93, 110, 157, 215]
Narrative 58, Index 25: [25, 30, 67, 161]
Narrative 58, Index 67: [25, 30, 67, 161, 169, 175]
Narrative 59, Index 9: [9, 76, 149, 177, 194]
Narrative 59, Index 76: [9, 57, 76, 87, 100, 114, 149, 153, 155, 177, 194]
Narrative 59, Index 149: [9, 76, 149, 177, 194]
Narrative 59, Index 177: [9, 76, 149, 177, 194]
Narrative 59, Index 194: [9, 76, 100, 114, 149, 153, 177, 194]
Narrative 60, Index 40: [12, 27, 29, 30, 40, 41, 42, 44, 55, 60, 73, 78, 91, 95, 96, 104]
Narrative 60, Index 41: [40, 41, 42, 91, 95]
Narrative 60, Index 42: [40, 41, 42, 95]
Narrative 61, Index 6: [6, 56, 62, 76]
Narrative 61, Index 56: [6, 56, 76]
Narrative 61, Index 76: [6, 56, 76]
Narrative 62, Index 45: [45, 110]
Narrative 62, Index 110: [40, 45, 63, 110, 221, 228, 261, 266, 267]
Narrative 63, Index 35: [17, 32, 35, 139, 157]
Narrative 63, Index 139: [32, 35, 139, 157]
Narrative 63, Index 157: [17, 32, 35, 139, 157]
Narrative 64, Index 88: [52, 88, 152, 169, 170, 181, 183, 189]
Narrative 64, Index 152: [88, 152, 169, 181, 183, 189]
Narrative 64, Index 169: [88, 152, 169, 181, 183, 189]
Narrative 64, Index 181: [88, 152, 169, 181, 183, 189]
Narrative 64, Index 183: [88, 152, 169, 181, 183, 189]
Narrative 64, Index 189: [88, 152, 169, 181, 183, 189]
Narrative 66, Index 49: [49, 96, 101, 138, 165, 169, 175, 214, 229, 240, 249]
Narrative 66, Index 96: [49, 96, 101, 138, 165, 169, 175, 214, 229, 240, 249]
Narrative 66, Index 101: [49, 96, 101, 165, 169, 175, 214, 229, 249]
Narrative 66, Index 165: [13, 49, 75, 96, 101, 107, 112, 120, 134, 138, 165, 169, 175, 180, 209, 214, 229, 240, 249]
Narrative 66, Index 169: [49, 96, 101, 165, 169, 175, 214, 229, 249]
Narrative 66, Index 175: [49, 96, 101, 165, 169, 175, 214, 229, 249]
Narrative 66, Index 214: [49, 96, 101, 138, 165, 169, 175, 214, 229, 249]
Narrative 66, Index 229: [49, 96, 101, 138, 165, 169, 175, 214, 229, 240, 249]
Narrative 66, Index 249: [49, 96, 101, 165, 169, 175, 214, 229, 249]
Narrative 68, Index 111: [51, 111, 194, 209, 213, 243]
Narrative 68, Index 194: [51, 111, 194, 209, 243]
Narrative 68, Index 209: [21, 38, 39, 51, 66, 69, 78, 81, 85, 86, 96, 97, 100, 105, 111, 113, 116, 122, 124, 125, 128, 131, 142, 152, 160, 166, 171, 172, 173, 177, 189, 192, 194, 202, 205, 206, 207, 209, 213, 217, 218, 219, 228, 234, 241, 243, 247, 248, 255, 258, 269]
Narrative 68, Index 243: [21, 38, 51, 66, 69, 75, 78, 81, 85, 86, 96, 97, 111, 122, 124, 125, 128, 131, 152, 155, 160, 171, 172, 173, 177, 189, 194, 202, 205, 206, 207, 209, 213, 217, 218, 219, 228, 230, 234, 241, 243, 248, 249, 258]
Narrative 69, Index 99: [95, 99, 117]
Narrative 70, Index 139: [38, 56, 114, 139, 169]
Narrative 70, Index 169: [38, 56, 114, 124, 139, 165, 169]
Narrative 71, Index 37: [37, 84, 95, 127, 149, 157, 171, 174, 178]
Narrative 71, Index 95: [37, 84, 95, 127, 140, 149, 157, 171, 174, 178]
Narrative 71, Index 149: [37, 84, 95, 149, 157, 171, 174, 178]
Narrative 71, Index 157: [37, 84, 95, 127, 140, 149, 157, 171, 174, 178]
Narrative 71, Index 171: [37, 77, 84, 95, 97, 98, 105, 106, 114, 123, 127, 140, 149, 157, 171, 174, 178]
Narrative 71, Index 174: [37, 77, 84, 95, 97, 98, 105, 127, 140, 149, 157, 171, 174, 178]
Narrative 71, Index 178: [37, 84, 95, 149, 157, 171, 174, 178]
Narrative 72, Index 37: [37, 47, 110]
Narrative 72, Index 47: [37, 47, 110]
Narrative 72, Index 110: [37, 47, 87, 110, 119]
Narrative 73, Index 142: [28, 142, 146]
Narrative 73, Index 146: [28, 142, 146]
Narrative 74, Index 35: [14, 20, 28, 35, 38, 51, 58, 69, 86, 98, 104, 117, 118, 120, 130, 132, 141, 142, 148, 149, 154, 166, 167, 192, 194, 198, 203, 209, 211, 212, 213, 224, 226, 234]
Narrative 74, Index 166: [35, 166, 194, 198]
Narrative 75, Index 160: [9, 20, 31, 78, 105, 147, 150, 153, 155, 160]
Narrative 76, Index 14: [11, 14, 32, 34, 52, 81, 95, 106, 115, 129, 131, 147, 153, 246, 263, 268]
Narrative 76, Index 32: [14, 32, 81, 95, 106, 115, 129, 147, 153, 246, 268]
Narrative 76, Index 95: [14, 32, 34, 81, 95, 106, 115, 129, 147, 153, 246, 263, 268]
Narrative 76, Index 106: [14, 32, 95, 106, 115, 129, 147, 153, 246, 268]
Narrative 76, Index 129: [11, 14, 32, 34, 52, 62, 67, 81, 95, 106, 115, 129, 131, 147, 153, 198, 246, 263, 268]
Narrative 76, Index 153: [14, 32, 34, 81, 95, 106, 115, 129, 147, 153, 246, 263, 268]
Narrative 76, Index 246: [14, 32, 34, 81, 95, 106, 115, 129, 147, 153, 246, 263, 268]
Narrative 76, Index 268: [7, 9, 11, 14, 32, 34, 42, 47, 52, 70, 81, 90, 91, 94, 95, 106, 115, 129, 131, 146, 147, 153, 174, 198, 204, 240, 242, 244, 245, 246, 255, 263, 267, 268, 270, 274]
Narrative 77, Index 99: [45, 69, 99, 145]
Narrative 77, Index 145: [45, 99, 145]
Narrative 78, Index 26: [26, 30, 59]
Narrative 78, Index 30: [26, 30, 59]
Narrative 78, Index 59: [26, 30, 59]
Narrative 79, Index 13: [13]
Narrative 80, Index 40: [40, 63, 147, 158, 177, 191]
Narrative 80, Index 63: [40, 63, 147, 158, 177, 191]
Narrative 80, Index 147: [40, 63, 147, 158, 177, 191]
Narrative 80, Index 158: [17, 22, 28, 40, 41, 44, 46, 47, 50, 54, 55, 63, 64, 74, 76, 87, 99, 115, 130, 135, 140, 147, 150, 155, 156, 158, 170, 175, 176, 177, 178, 179, 184, 187, 191, 202, 209, 214, 216, 219]
Narrative 80, Index 177: [40, 63, 147, 158, 177, 191]
Narrative 80, Index 191: [40, 63, 147, 158, 177, 191]
Narrative 81, Index 62: [26, 32, 62, 69, 100, 109, 119, 128, 145]
Narrative 81, Index 109: [26, 32, 62, 69, 100, 109, 119, 128, 145]
Narrative 82, Index 110: [110, 140, 160, 172, 202, 214, 223, 236, 240, 255]
Narrative 82, Index 172: [110, 172, 214, 223, 240, 255]
Narrative 82, Index 214: [110, 140, 172, 202, 214, 223, 240, 255]
Narrative 82, Index 223: [110, 172, 214, 223, 240, 255]
Narrative 82, Index 240: [110, 172, 214, 223, 240, 255]
Narrative 82, Index 255: [110, 172, 214, 223, 240, 255]
Narrative 83, Index 18: [18, 41, 83, 107, 126, 148, 157]
Narrative 83, Index 41: [18, 41, 83, 107, 148, 157]
Narrative 83, Index 83: [18, 41, 83, 107, 148]
Narrative 83, Index 107: [18, 41, 83, 107, 148, 157]
Narrative 83, Index 148: [18, 41, 83, 107, 148, 157]
Narrative 84, Index 74: [74, 75, 113, 126, 153, 158, 181, 193, 225, 258]
Narrative 84, Index 75: [74, 75, 113, 126, 153, 158, 181, 193, 225, 258]
Narrative 84, Index 113: [74, 75, 113, 126, 153, 158, 181, 193, 225, 258]
Narrative 84, Index 126: [29, 35, 65, 74, 75, 102, 113, 124, 126, 147, 153, 158, 167, 172, 173, 181, 193, 204, 216, 225, 226, 246, 254, 258, 275]
Narrative 84, Index 153: [29, 35, 65, 74, 75, 102, 113, 126, 147, 153, 158, 167, 172, 173, 181, 193, 204, 216, 225, 226, 237, 246, 254, 258, 275]
Narrative 84, Index 158: [65, 74, 75, 113, 126, 147, 153, 158, 173, 181, 193, 225, 258]
Narrative 84, Index 193: [74, 75, 113, 126, 153, 158, 181, 193, 225, 258]
Narrative 84, Index 225: [74, 75, 113, 126, 153, 158, 181, 193, 225, 258]
Narrative 85, Index 79: [79]
Narrative 86, Index 15: [15, 23, 45, 85, 118, 138]
Narrative 86, Index 45: [15, 23, 45, 85, 118, 138]
Narrative 86, Index 85: [15, 23, 45, 85, 118, 138]
Narrative 86, Index 118: [15, 23, 45, 85, 109, 118, 138]
Narrative 87, Index 25: [25, 44, 51, 101, 109, 130, 143, 146, 159, 188, 198, 218, 266, 280]
Narrative 87, Index 44: [25, 44, 51, 101, 109, 130, 143, 146, 159, 188, 198, 218, 266, 280, 281]
Narrative 87, Index 109: [25, 44, 51, 101, 109, 130, 143, 146, 159, 188, 198, 218, 266, 280, 281]
Narrative 87, Index 130: [25, 44, 51, 109, 130, 143, 146, 159, 218, 266]
Narrative 87, Index 143: [25, 44, 51, 109, 130, 143, 146, 159, 218, 266, 280]
Narrative 87, Index 146: [25, 44, 51, 109, 130, 143, 146, 159, 218, 266, 280]
Narrative 87, Index 266: [25, 44, 51, 101, 109, 130, 143, 146, 159, 188, 198, 218, 266, 280, 281]
Narrative 88, Index 76: [76, 138]
Narrative 88, Index 138: [76, 138]
Narrative 89, Index 72: [72, 95, 104, 120, 130, 131, 156, 159, 164, 168, 174]
Narrative 89, Index 104: [72, 95, 104, 130, 156, 159, 164, 174]
Narrative 89, Index 130: [72, 95, 104, 120, 130, 156, 159, 164, 168, 174]
Narrative 89, Index 156: [72, 95, 104, 120, 130, 131, 132, 156, 159, 164, 168, 174]
Narrative 89, Index 159: [72, 95, 104, 130, 156, 159, 164, 174]
Narrative 89, Index 174: [72, 95, 104, 130, 156, 159, 164, 168, 174]
Narrative 90, Index 181: [48, 181, 190, 194]
Narrative 90, Index 194: [48, 181, 190, 194]
Narrative 91, Index 18: [18, 68, 137, 150, 154, 177]
Narrative 91, Index 68: [18, 68, 137, 150, 154]
Narrative 91, Index 137: [18, 68, 137, 154]
Narrative 91, Index 154: [18, 26, 28, 37, 48, 62, 66, 68, 83, 137, 147, 150, 154, 172, 177, 190]
Narrative 92, Index 32: [32, 35, 66, 82]
Narrative 92, Index 35: [32, 35, 47, 66, 82, 103]
Narrative 94, Index 32: [32, 109]
Narrative 95, Index 82: [82, 133]
Narrative 96, Index 28: [28, 44, 86, 90, 209]
Narrative 96, Index 44: [28, 44, 86, 90, 209]
Narrative 96, Index 86: [28, 44, 78, 86, 90, 109, 157, 209]
Narrative 96, Index 90: [17, 28, 44, 78, 86, 90, 109, 157, 209, 219, 220]
Narrative 96, Index 209: [28, 44, 86, 90, 109, 157, 209]
Narrative 97, Index 8: [8, 73, 77, 91, 99]
Narrative 97, Index 73: [8, 73, 77, 91, 99]
Narrative 97, Index 77: [8, 73, 77, 91, 99]
Narrative 97, Index 91: [8, 73, 77, 91, 99]
Narrative 98, Index 79: [79, 86, 120, 138, 159, 170]
Narrative 98, Index 120: [37, 79, 86, 120, 138, 159, 170]
Narrative 98, Index 159: [79, 86, 120, 159, 170]
Narrative 98, Index 170: [37, 79, 86, 99, 120, 138, 159, 170]
Narrative 99, Index 98: [91, 98]
Narrative 100, Index 105: [64, 72, 98, 105, 122, 141]
Narrative 101, Index 124: [86, 124, 151]
Narrative 101, Index 151: [124, 151]
Narrative 102, Index 41: [41, 152, 186, 190, 215, 221]
Narrative 102, Index 152: [41, 152, 186, 190, 215, 221]
Narrative 102, Index 186: [41, 152, 186, 190, 215, 221]
Narrative 102, Index 190: [41, 152, 186, 190, 215, 221]
Narrative 102, Index 215: [41, 143, 152, 186, 190, 215, 221]
Narrative 102, Index 221: [41, 152, 186, 190, 215, 221]
Narrative 104, Index 67: [67, 98, 107, 111, 239]
Narrative 104, Index 98: [67, 98, 107, 111]
Narrative 104, Index 107: [67, 98, 107, 111, 239]
Narrative 104, Index 111: [67, 98, 107, 111]
Narrative 105, Index 67: [31, 67]
Narrative 106, Index 102: [56, 57, 60, 86, 102, 105, 123, 127, 137, 139, 157, 167, 183, 188, 195, 205, 211, 219, 222, 225, 230, 231, 234, 237, 247, 251, 270]
Narrative 106, Index 167: [56, 86, 102, 123, 167, 205, 211, 219, 225, 231, 247]
Narrative 106, Index 205: [56, 102, 123, 167, 205, 211, 231, 247]
Narrative 106, Index 211: [56, 102, 123, 167, 205, 211, 231, 247]
Narrative 106, Index 231: [56, 86, 102, 123, 127, 157, 167, 205, 211, 219, 225, 230, 231, 247]
Narrative 106, Index 247: [56, 102, 123, 167, 205, 211, 219, 225, 231, 247]
Narrative 107, Index 27: [27, 34, 100, 147, 150, 154, 156, 160, 172, 228, 229]
Narrative 107, Index 34: [27, 34, 100, 154, 156, 228]
Narrative 107, Index 154: [27, 34, 100, 154, 156, 172, 228]
Narrative 107, Index 156: [8, 13, 14, 27, 34, 52, 54, 58, 71, 78, 93, 100, 111, 117, 125, 147, 149, 150, 152, 154, 155, 156, 159, 160, 165, 168, 169, 172, 177, 179, 186, 195, 199, 223, 228, 229, 232]
Narrative 107, Index 228: [8, 9, 10, 13, 14, 27, 31, 34, 43, 48, 52, 54, 55, 58, 61, 65, 71, 74, 78, 79, 85, 93, 100, 111, 117, 122, 125, 134, 140, 147, 150, 152, 154, 155, 156, 159, 160, 163, 165, 166, 168, 169, 172, 173, 176, 177, 179, 181, 186, 188, 195, 223, 228, 229, 232]
Narrative 108, Index 32: [32, 41, 79, 140, 157]
Narrative 108, Index 79: [32, 41, 79, 140, 144, 157]
Narrative 108, Index 140: [32, 41, 79, 140, 157]
Narrative 108, Index 157: [32, 41, 79, 140, 157]
Narrative 109, Index 117: [117, 166, 254, 278]
Narrative 109, Index 166: [117, 166, 254, 278]
Narrative 109, Index 254: [117, 166, 254, 278]
Narrative 109, Index 278: [117, 166, 254, 278]
Narrative 111, Index 90: [76, 84, 90, 98, 105, 108, 117, 120]
Narrative 111, Index 105: [90, 105, 117]
Narrative 111, Index 117: [90, 105, 117]
Narrative 112, Index 6: [6, 84, 91, 114, 142, 159, 203, 226, 245, 257]
Narrative 112, Index 84: [6, 84, 91, 114, 142, 159, 203, 226, 245, 247, 257]
Narrative 112, Index 91: [6, 84, 91, 114, 142, 159, 203, 226, 245, 257]
Narrative 112, Index 114: [6, 84, 91, 114, 142, 159, 203, 226, 245, 257]
Narrative 112, Index 142: [6, 9, 14, 15, 19, 43, 48, 49, 52, 60, 61, 84, 88, 91, 93, 98, 114, 116, 119, 133, 135, 142, 144, 152, 156, 159, 182, 195, 203, 224, 226, 234, 235, 237, 245, 247, 251, 256, 257]
Narrative 112, Index 159: [6, 84, 91, 114, 142, 159, 203, 226, 245, 257]
Narrative 112, Index 203: [6, 14, 52, 60, 84, 88, 91, 114, 116, 135, 142, 152, 159, 195, 203, 224, 226, 237, 245, 247, 256, 257]
Narrative 112, Index 245: [6, 84, 91, 114, 142, 159, 203, 226, 245, 247, 257]
Narrative 113, Index 37: [37, 51, 99, 157]
Narrative 113, Index 99: [37, 51, 99, 144, 157]
Narrative 113, Index 157: [37, 51, 99, 144, 157]
Narrative 114, Index 122: [90, 122, 161, 188]
Narrative 114, Index 188: [90, 122, 161, 188]
Narrative 115, Index 10: [10, 18, 65, 186, 214]
Narrative 115, Index 65: [7, 10, 11, 15, 17, 18, 20, 21, 22, 30, 32, 36, 41, 52, 58, 62, 64, 65, 72, 73, 76, 78, 85, 92, 94, 96, 113, 124, 125, 131, 139, 143, 153, 154, 160, 164, 169, 180, 184, 185, 186, 193, 198, 209, 210, 214, 215, 219, 223, 228]
Narrative 115, Index 186: [10, 18, 65, 186, 214]
Narrative 118, Index 51: [51, 146, 152]
Narrative 118, Index 146: [51, 146, 152]
Narrative 119, Index 49: [11, 12, 13, 16, 32, 49, 50, 52, 71, 79, 99, 101, 106, 108, 109, 142, 143, 149, 150, 161, 166, 168, 169, 179, 184, 187, 198, 211]
Narrative 119, Index 179: [49, 142, 179, 184]
Narrative 119, Index 184: [49, 179, 184]
Narrative 120, Index 34: [17, 34, 39, 81, 85, 115, 116]
Narrative 120, Index 85: [34, 85, 116]
Narrative 122, Index 37: [37]
Narrative 123, Index 96: [96, 136, 155, 156, 168, 213]
Narrative 123, Index 136: [92, 96, 136, 155, 156, 168, 213]
Narrative 123, Index 155: [92, 96, 136, 155, 156, 168, 213]
Narrative 123, Index 156: [92, 96, 136, 155, 156, 168, 175, 213]
Narrative 123, Index 168: [96, 136, 155, 156, 168, 213]
Narrative 123, Index 213: [92, 96, 136, 155, 156, 168, 213]
Narrative 125, Index 33: [29, 33]
Narrative 126, Index 56: [56, 77, 120, 139, 149]
Narrative 126, Index 77: [56, 77, 120, 139, 149]
Narrative 126, Index 120: [56, 77, 120, 139, 142, 149]
Narrative 126, Index 139: [56, 77, 120, 139, 149]
Narrative 126, Index 149: [56, 77, 120, 139, 142, 149]
Narrative 128, Index 61: [61, 104, 106, 108]
Narrative 128, Index 104: [61, 104, 106, 108]
Narrative 129, Index 126: [62, 126, 158]
Narrative 130, Index 83: [83, 92, 101]
Narrative 130, Index 101: [83, 92, 101]
Narrative 131, Index 65: [65, 92, 99, 113, 133, 155]
Narrative 131, Index 92: [7, 65, 75, 92, 99, 113, 133, 155]
Narrative 131, Index 99: [7, 65, 75, 92, 99, 113, 133, 139, 140, 155]
Narrative 131, Index 113: [65, 92, 99, 113, 133, 155]
Narrative 131, Index 133: [7, 65, 75, 92, 99, 113, 133, 139, 140, 155]
Narrative 131, Index 155: [7, 65, 75, 92, 99, 113, 133, 155]
Narrative 132, Index 43: [30, 43]
Narrative 134, Index 120: [105, 111, 120, 137]
Narrative 134, Index 137: [26, 76, 105, 108, 111, 113, 120, 127, 137]
Narrative 135, Index 12: [12, 28, 50, 66, 70, 199]
Narrative 135, Index 28: [12, 28, 50, 66, 70, 199]
Narrative 135, Index 50: [12, 28, 50, 66, 70, 199]
Narrative 135, Index 66: [12, 28, 50, 66, 70, 199]
Narrative 135, Index 70: [12, 28, 50, 66, 70, 199]
Narrative 135, Index 199: [12, 28, 50, 66, 70, 199]
Narrative 136, Index 190: [81, 166, 167, 190, 192]
Narrative 136, Index 192: [10, 18, 81, 166, 167, 190, 192]
Narrative 137, Index 33: [31, 33, 70, 86, 89, 129, 138, 139, 146, 205]
Narrative 137, Index 70: [31, 33, 70, 86, 89, 129, 138, 139, 146, 154, 205, 218]
Narrative 137, Index 86: [31, 33, 70, 86, 89, 129, 138, 139, 146, 154, 205, 218]
Narrative 137, Index 89: [31, 33, 70, 86, 89, 129, 139, 146, 205]
Narrative 137, Index 129: [31, 33, 70, 86, 89, 129, 138, 139, 146, 154, 205, 218]
Narrative 137, Index 139: [31, 33, 70, 86, 89, 129, 139, 146, 205]
Narrative 137, Index 205: [31, 33, 70, 86, 89, 91, 129, 138, 139, 140, 146, 154, 174, 205, 218]
Narrative 139, Index 71: [71, 78, 97, 116]
Narrative 139, Index 78: [71, 78, 97, 116]
Narrative 139, Index 97: [71, 78, 97, 116]
Narrative 139, Index 116: [71, 78, 97, 116]
Narrative 140, Index 20: [20, 34, 56, 67, 202]
Narrative 140, Index 34: [20, 25, 26, 34, 40, 41, 43, 56, 67, 109, 111, 113, 143, 152, 158, 202, 203]
Narrative 140, Index 56: [20, 34, 43, 56, 67, 152, 202]
Narrative 140, Index 67: [20, 34, 43, 56, 67, 152, 202]
Narrative 140, Index 202: [2, 19, 20, 25, 26, 34, 40, 41, 43, 56, 67, 109, 111, 113, 152, 158, 202]
Narrative 141, Index 17: [17, 86]
Narrative 141, Index 86: [17, 42, 49, 66, 84, 86, 93]
Narrative 142, Index 90: [81, 90, 109, 183, 192]
Narrative 142, Index 183: [81, 90, 109, 183, 192]
Narrative 143, Index 144: [40, 76, 91, 120, 144, 148, 167]
Narrative 143, Index 167: [40, 76, 91, 120, 144, 148, 167]
Narrative 144, Index 177: [177, 206, 252, 258]
Narrative 144, Index 206: [177, 206, 252, 258]
Narrative 144, Index 252: [177, 206, 252, 258]
Narrative 145, Index 88: [88, 117]
Narrative 145, Index 117: [88, 117]
Narrative 146, Index 48: [12, 48, 68, 77, 82, 113, 125, 164, 179, 188]
Narrative 146, Index 77: [48, 77, 82, 113, 125, 164, 179, 188]
Narrative 146, Index 82: [48, 77, 82, 113, 125, 164, 179]
Narrative 146, Index 125: [48, 77, 82, 113, 125, 164, 179]
Narrative 146, Index 164: [48, 77, 82, 113, 125, 164, 179]
Narrative 146, Index 179: [48, 77, 82, 113, 125, 164, 179]
Narrative 147, Index 44: [44, 75, 81, 82, 90, 91, 112, 130, 156, 161, 171, 184, 188, 227, 246, 250]
Narrative 147, Index 75: [44, 75, 81, 82, 90, 91, 112, 130, 156, 161, 171, 188, 246, 250]
Narrative 147, Index 81: [44, 75, 81, 82, 91, 112, 130, 161, 171, 188, 246, 250]
Narrative 147, Index 82: [44, 75, 81, 82, 90, 91, 112, 130, 156, 161, 171, 188, 246, 250]
Narrative 147, Index 91: [44, 75, 81, 82, 90, 91, 112, 130, 156, 161, 171, 188, 246, 250]
Narrative 147, Index 112: [44, 75, 81, 82, 90, 91, 112, 130, 156, 161, 171, 188, 246, 250]
Narrative 147, Index 130: [44, 75, 81, 82, 90, 91, 112, 130, 156, 161, 171, 188, 246, 250]
Narrative 147, Index 161: [44, 75, 81, 82, 90, 91, 112, 130, 156, 161, 171, 188, 246, 250]
Narrative 147, Index 188: [44, 75, 81, 82, 91, 112, 130, 161, 171, 188, 246, 250]
Narrative 147, Index 246: [44, 75, 81, 82, 90, 91, 112, 130, 161, 171, 188, 246, 250]
Narrative 147, Index 250: [44, 75, 81, 82, 91, 112, 130, 161, 171, 188, 246, 250]
Narrative 148, Index 110: [80, 110, 143, 189, 259]
Narrative 148, Index 143: [80, 110, 143, 189, 259]
Narrative 148, Index 189: [80, 110, 143, 189, 259]
Narrative 148, Index 259: [80, 110, 143, 189, 259]
Narrative 149, Index 46: [46, 52, 59, 83, 90, 112, 118, 123, 151]
Narrative 149, Index 52: [46, 52, 59, 83, 90, 112, 118, 123, 151]
Narrative 149, Index 59: [46, 52, 59, 83, 112, 118, 123, 151]
Narrative 149, Index 83: [46, 52, 59, 83, 90, 112, 118, 123, 151]
Narrative 149, Index 112: [46, 52, 59, 83, 90, 112, 118, 123, 151]
Narrative 149, Index 123: [46, 52, 59, 83, 90, 112, 118, 123, 151]
Narrative 149, Index 151: [46, 52, 59, 83, 90, 112, 118, 123, 151]
Narrative 150, Index 172: [65, 112, 172, 178, 180, 216, 257]
Narrative 150, Index 178: [3, 42, 46, 65, 76, 83, 98, 99, 106, 112, 119, 124, 139, 140, 151, 157, 159, 172, 178, 179, 180, 182, 190, 198, 204, 205, 216, 217, 221, 224, 231, 232, 246, 247, 248, 257]
Narrative 150, Index 180: [65, 112, 172, 178, 180, 216, 257]
Narrative 150, Index 216: [65, 76, 98, 112, 172, 178, 180, 216, 221, 231, 257]
Narrative 150, Index 257: [65, 76, 98, 112, 172, 178, 180, 216, 221, 231, 257]
Narrative 151, Index 63: [38, 39, 41, 49, 54, 59, 63, 82, 84, 89, 106, 107, 121, 123, 139, 143, 144, 145, 150, 151, 157, 158]
Narrative 151, Index 143: [63, 143]
Narrative 152, Index 122: [122, 164, 170, 181, 215, 291]
Narrative 152, Index 164: [122, 164, 170, 181, 215, 291]
Narrative 152, Index 181: [76, 122, 134, 142, 164, 170, 181, 209, 215, 291]
Narrative 152, Index 215: [76, 122, 134, 142, 164, 170, 181, 209, 215, 291]
Narrative 152, Index 291: [76, 122, 134, 142, 164, 170, 181, 209, 215, 227, 291]
Narrative 153, Index 199: [188, 199]
Narrative 154, Index 6: [6, 44, 56, 86]
Narrative 154, Index 44: [6, 44, 56, 86]
Narrative 154, Index 56: [6, 44, 56, 86]
Narrative 155, Index 21: [21, 46, 51, 59, 87, 161, 187, 188]
Narrative 155, Index 46: [21, 46, 51, 59, 87, 161, 187, 188]
Narrative 155, Index 59: [21, 46, 51, 59, 87, 161, 187, 188]
Narrative 155, Index 161: [21, 46, 51, 59, 87, 161, 187, 188]
Narrative 155, Index 187: [21, 46, 51, 59, 87, 161, 187, 188]
Narrative 155, Index 188: [21, 46, 51, 59, 87, 161, 187, 188]
Narrative 157, Index 39: [39, 43, 118, 123, 152, 167, 170, 214]
Narrative 157, Index 43: [39, 43, 118, 123, 152, 167, 214]
Narrative 157, Index 118: [39, 43, 118, 152, 167, 214]
Narrative 157, Index 152: [39, 43, 49, 115, 117, 118, 123, 152, 167, 170, 197, 214]
Narrative 157, Index 167: [39, 43, 118, 123, 152, 167, 170, 214]
Narrative 157, Index 214: [39, 43, 118, 123, 152, 167, 170, 214]
Narrative 158, Index 59: [26, 59, 91, 97, 110, 116, 144, 163]
Narrative 158, Index 91: [26, 59, 91, 97, 110, 116, 144, 163]
Narrative 158, Index 110: [26, 59, 91, 97, 110, 116, 144, 163, 169]
Narrative 158, Index 116: [26, 59, 91, 97, 110, 116, 144, 163]
Narrative 158, Index 144: [26, 59, 91, 97, 110, 116, 144, 163]
Narrative 160, Index 21: [21, 54]
Narrative 162, Index 94: [94, 111, 151, 163, 192]
Narrative 162, Index 111: [94, 111, 151, 163, 192]
Narrative 162, Index 163: [94, 111, 151, 163, 192]
Narrative 162, Index 192: [17, 32, 94, 111, 151, 163, 192]
Narrative 163, Index 133: [133, 137, 145, 146, 174, 177]
Narrative 163, Index 137: [133, 137, 140, 145, 146, 174, 177]
Narrative 163, Index 145: [133, 137, 145, 146, 174, 177]
Narrative 163, Index 146: [133, 137, 145, 146, 174, 177]
Narrative 163, Index 177: [133, 137, 145, 146, 174, 177]
Narrative 164, Index 6: [6, 61, 84, 85, 120, 122, 129, 139, 173]
Narrative 164, Index 61: [6, 61, 84, 85, 120, 122, 129, 139, 173]
Narrative 164, Index 85: [6, 60, 61, 84, 85, 115, 120, 122, 126, 129, 139, 173]
Narrative 164, Index 120: [6, 61, 84, 85, 120, 122, 129, 139, 173]
Narrative 164, Index 129: [6, 61, 84, 85, 120, 122, 129, 139, 173]
Narrative 164, Index 139: [6, 61, 84, 85, 120, 122, 129, 139, 173]
Narrative 164, Index 173: [6, 61, 84, 85, 120, 122, 129, 139, 173]
Narrative 165, Index 49: [49, 73, 75, 91, 112]
Narrative 165, Index 73: [49, 73, 75, 91, 112]
Narrative 165, Index 75: [49, 73, 75, 91, 112]
Narrative 165, Index 91: [49, 73, 75, 91, 112]
Narrative 165, Index 112: [49, 73, 75, 91, 112]
Narrative 166, Index 53: [53, 71, 85, 86, 88, 102, 103]
Narrative 166, Index 71: [53, 71, 85, 86, 88, 102, 103]
Narrative 166, Index 85: [39, 53, 65, 71, 85, 86, 88, 102, 103]
Narrative 166, Index 86: [53, 71, 85, 86, 88, 102, 103]
Narrative 166, Index 88: [53, 65, 71, 85, 86, 88, 102, 103]
Narrative 166, Index 102: [53, 71, 85, 86, 88, 102, 103]
Narrative 166, Index 103: [53, 71, 85, 86, 88, 102, 103]
Narrative 167, Index 46: [43, 46, 82, 93, 125, 143, 153, 163, 174]
Narrative 167, Index 153: [46, 125, 153]
Narrative 168, Index 142: [142, 153, 180, 182]
Narrative 168, Index 153: [94, 96, 142, 153, 180, 182, 183]
Narrative 168, Index 180: [2, 3, 13, 37, 42, 45, 50, 55, 57, 71, 81, 84, 86, 89, 94, 96, 107, 131, 140, 142, 143, 153, 154, 166, 170, 173, 177, 178, 180, 182, 183, 190, 197, 203, 216]
Narrative 168, Index 182: [142, 153, 180, 182]
Narrative 169, Index 55: [55, 99]
Narrative 169, Index 99: [44, 55, 99]
Narrative 170, Index 108: [44, 108, 149, 222, 247, 257, 262]
Narrative 170, Index 149: [108, 149, 247, 257, 262]
Narrative 170, Index 222: [18, 19, 25, 38, 44, 88, 90, 100, 103, 108, 109, 119, 124, 158, 169, 175, 198, 219, 222, 227, 232, 237, 242, 247, 248, 253, 257, 262, 264]
Narrative 170, Index 247: [44, 108, 149, 222, 247, 257, 262]
Narrative 170, Index 257: [44, 88, 90, 100, 103, 108, 149, 158, 198, 222, 232, 247, 257, 262, 264]
Narrative 170, Index 262: [44, 108, 149, 222, 247, 257, 262]
Narrative 171, Index 76: [76, 94, 123, 133]
Narrative 171, Index 123: [44, 76, 92, 94, 123, 133]
Narrative 171, Index 133: [76, 94, 123, 133]
Narrative 172, Index 48: [48, 79, 127, 155, 182, 195, 207, 223]
Narrative 172, Index 79: [48, 75, 79, 125, 127, 155, 182, 187, 195, 207, 223]
Narrative 172, Index 127: [48, 79, 127, 155, 182, 195, 207, 223]
Narrative 172, Index 155: [48, 79, 127, 155, 182, 195, 207, 223]
Narrative 172, Index 182: [48, 79, 127, 155, 182, 195, 207, 223]
Narrative 172, Index 195: [48, 79, 127, 155, 182, 195, 207, 223]
Narrative 172, Index 207: [48, 75, 79, 125, 127, 155, 182, 195, 207, 223]
Narrative 172, Index 223: [48, 79, 127, 155, 182, 195, 207, 223]
Narrative 173, Index 29: [29, 66]
Narrative 173, Index 66: [29, 66]
Narrative 174, Index 171: [154, 171, 199]
Narrative 174, Index 199: [171, 199]
Narrative 175, Index 126: [126]
Narrative 176, Index 131: [43, 82, 114, 131]
Narrative 177, Index 44: [44, 69, 73, 81, 83, 84, 89, 125, 135, 150]
Narrative 177, Index 69: [44, 69, 73, 81, 83, 84, 89, 125, 135, 150]
Narrative 177, Index 73: [39, 44, 59, 61, 69, 73, 81, 83, 84, 89, 109, 118, 121, 125, 135, 150, 165]
Narrative 177, Index 83: [44, 69, 73, 81, 83, 84, 89, 125, 135, 150]
Narrative 177, Index 84: [44, 69, 73, 81, 83, 84, 89, 125, 135, 150]
Narrative 177, Index 89: [44, 69, 73, 81, 83, 84, 89, 125, 135, 150]
Narrative 177, Index 125: [44, 69, 73, 81, 83, 84, 89, 125, 135, 150]
Narrative 177, Index 135: [44, 69, 73, 81, 83, 84, 89, 125, 135, 150]
Narrative 177, Index 150: [44, 69, 73, 81, 83, 84, 89, 125, 135, 150]
Narrative 178, Index 19: [19, 45, 64, 251, 263]
Narrative 178, Index 251: [19, 45, 64, 251]
Narrative 179, Index 92: [41, 53, 78, 81, 92, 118, 131, 139, 141, 143, 150, 174, 202, 231, 279]
Narrative 179, Index 118: [53, 92, 118, 131, 139, 141, 174, 202, 231, 279]
Narrative 179, Index 139: [53, 92, 118, 139, 141, 174, 202, 231, 279]
Narrative 179, Index 141: [41, 53, 78, 81, 92, 111, 113, 118, 123, 131, 139, 141, 143, 150, 174, 202, 231, 279]
Narrative 179, Index 202: [53, 81, 92, 118, 131, 139, 141, 174, 202, 231, 279]
Narrative 179, Index 231: [53, 92, 118, 139, 141, 174, 202, 231, 279]
Narrative 179, Index 279: [53, 92, 118, 139, 141, 202, 231, 279]
Narrative 180, Index 13: [13, 14, 21, 29, 64, 113, 156, 164, 169, 175, 182, 197, 229, 237, 240, 242, 243, 249, 252]
Narrative 180, Index 64: [13, 14, 64, 113, 156, 164, 169, 175, 182, 197, 229, 240, 242, 249, 252]
Narrative 180, Index 113: [13, 14, 21, 29, 64, 113, 156, 164, 169, 175, 182, 197, 222, 229, 237, 240, 242, 243, 249, 252]
Narrative 180, Index 156: [13, 64, 113, 156, 164, 169, 175, 182, 229, 240, 242, 249, 252]
Narrative 180, Index 175: [13, 14, 64, 113, 156, 164, 169, 175, 182, 197, 229, 240, 242, 249, 252]
Narrative 180, Index 182: [10, 13, 14, 21, 29, 64, 113, 156, 164, 169, 175, 182, 183, 197, 222, 229, 237, 240, 242, 243, 249, 252]
Narrative 180, Index 240: [13, 64, 113, 156, 164, 169, 175, 182, 229, 240, 242, 249, 252]
Narrative 180, Index 242: [13, 64, 113, 156, 164, 169, 175, 182, 229, 240, 242, 249, 252]
Narrative 180, Index 252: [13, 64, 113, 156, 164, 169, 175, 182, 229, 240, 242, 249, 252]
Narrative 181, Index 24: [24, 123]
Narrative 182, Index 125: [121, 125, 221]
Narrative 183, Index 11: [11, 27, 30, 218]
Narrative 183, Index 27: [11, 27, 30, 218]
Narrative 183, Index 30: [11, 27, 30, 218]
Narrative 183, Index 218: [11, 27, 30, 88, 218, 259]
Narrative 184, Index 81: [81]
Narrative 185, Index 33: [14, 33, 41, 81, 84, 86]
Narrative 185, Index 41: [14, 33, 41, 81, 84, 86]
Narrative 185, Index 81: [14, 18, 33, 41, 42, 81, 84, 86]
Narrative 185, Index 84: [14, 33, 41, 81, 84, 86]
Narrative 185, Index 86: [14, 33, 41, 81, 84, 86]
Narrative 186, Index 19: [19, 56, 64, 95, 107]
Narrative 186, Index 56: [19, 44, 56, 57, 64, 71, 95, 107, 189, 192, 201, 232]
Narrative 186, Index 64: [19, 56, 64, 95, 107]
Narrative 186, Index 95: [19, 56, 64, 95, 107]
Narrative 186, Index 107: [19, 56, 64, 95, 107]
Narrative 187, Index 24: [24, 25, 47, 74, 85, 111, 120, 152, 199, 234, 292]
Narrative 187, Index 25: [24, 25, 47, 74, 85, 111, 120, 152, 199, 234, 292]
Narrative 187, Index 47: [24, 25, 47, 74, 85, 111, 120, 152, 199, 234, 292]
Narrative 187, Index 74: [24, 25, 47, 74, 85, 111, 120, 152, 199, 234, 292]
Narrative 187, Index 85: [24, 25, 46, 47, 74, 85, 111, 120, 152, 199, 233, 234, 292]
Narrative 187, Index 111: [24, 25, 47, 74, 85, 111, 120, 152, 199, 234, 292]
Narrative 187, Index 120: [24, 25, 47, 74, 85, 111, 120, 152, 199, 234, 292]
Narrative 187, Index 152: [24, 25, 47, 74, 85, 111, 120, 152, 199, 234, 292]
Narrative 187, Index 199: [24, 25, 47, 74, 85, 111, 120, 152, 199, 234, 292]
Narrative 187, Index 234: [24, 25, 47, 74, 85, 111, 120, 152, 199, 234, 292]
Narrative 187, Index 292: [24, 25, 47, 74, 85, 111, 120, 152, 199, 234, 292]
Narrative 188, Index 116: [42, 116, 144, 150]
Narrative 188, Index 144: [1, 42, 116, 144, 150]
Narrative 189, Index 121: [121]
Narrative 190, Index 27: [27, 200, 226]
Narrative 190, Index 200: [27, 200, 226]
Narrative 190, Index 226: [27, 200, 226]
Narrative 191, Index 55: [22, 55, 80, 173]
Narrative 191, Index 80: [22, 25, 32, 33, 43, 55, 80, 132, 143, 147, 159, 160, 168, 173, 176]
Narrative 191, Index 173: [22, 55, 80, 173]
Narrative 192, Index 150: [100, 150, 184, 202, 226]
Narrative 192, Index 184: [150, 184, 202, 226]
Narrative 192, Index 202: [150, 184, 202, 226]
Narrative 193, Index 2: [2, 48, 104, 110, 151, 161, 168, 175, 235]
Narrative 193, Index 48: [2, 48, 104, 106, 110, 151, 161, 168, 175, 235]
Narrative 193, Index 104: [2, 48, 104, 110, 151, 161, 168, 175, 235]
Narrative 193, Index 151: [2, 48, 104, 110, 151, 161, 168, 175, 235]
Narrative 193, Index 161: [2, 48, 104, 106, 110, 151, 161, 168, 175, 235]
Narrative 193, Index 168: [2, 48, 104, 110, 151, 161, 168, 175, 235]
Narrative 193, Index 175: [2, 48, 104, 106, 110, 151, 161, 168, 175, 190, 215, 235]
Narrative 193, Index 235: [2, 48, 104, 106, 110, 151, 161, 168, 175, 190, 215, 235]
Narrative 194, Index 59: [35, 59, 105, 153, 157]
Narrative 194, Index 153: [35, 59, 105, 153, 157]
Narrative 195, Index 97: [97, 116]
Narrative 197, Index 135: [24, 29, 88, 135, 156, 203]
Narrative 197, Index 203: [24, 29, 88, 135, 156, 203]
Narrative 198, Index 117: [117, 128, 139, 149, 188, 227]
Narrative 198, Index 128: [117, 128, 139, 149, 188, 227]
Narrative 198, Index 139: [117, 128, 139, 188, 227]
Narrative 198, Index 227: [54, 63, 117, 128, 139, 149, 188, 211, 227]
Narrative 199, Index 135: [12, 27, 37, 61, 88, 102, 127, 135, 137, 138, 172, 187, 191, 193, 204, 233]
Narrative 199, Index 187: [27, 88, 135, 138, 187, 233]
Narrative 199, Index 233: [27, 88, 135, 138, 172, 187, 191, 233]
Narrative 200, Index 135: [58, 135, 164, 173]
Narrative 200, Index 164: [135, 164, 173]
Narrative 200, Index 173: [135, 164, 173]
Narrative 201, Index 148: [104, 148, 219, 222]
Narrative 201, Index 219: [148, 219, 222]
Narrative 202, Index 86: [53, 68, 73, 86]
Narrative 203, Index 10: [10, 26, 47, 110, 117, 124, 126, 153]
Narrative 203, Index 26: [10, 26, 47, 117, 126]
Narrative 203, Index 47: [10, 26, 47, 117, 126]
Narrative 203, Index 117: [10, 26, 47, 117, 126]
Narrative 203, Index 126: [10, 26, 47, 117, 126]
Narrative 205, Index 97: [12, 97]
Narrative 206, Index 22: [22, 53, 131, 148, 150, 198, 262]
Narrative 206, Index 53: [22, 53, 131, 148, 150, 198, 262]
Narrative 206, Index 148: [20, 22, 53, 108, 131, 148, 150, 187, 198, 223, 229, 262]
Narrative 206, Index 150: [22, 53, 148, 150, 198, 262]
Narrative 206, Index 198: [22, 53, 148, 150, 198, 262]
Narrative 206, Index 262: [22, 53, 148, 150, 198, 262]
Narrative 207, Index 39: [39, 86, 89, 97, 115, 116, 132, 185, 189]
Narrative 207, Index 86: [39, 86, 89, 115, 116, 185, 189]
Narrative 207, Index 89: [39, 86, 89, 115, 116, 185, 189]
Narrative 207, Index 115: [39, 86, 89, 115, 116, 185, 189]
Narrative 207, Index 116: [39, 86, 89, 115, 116, 185, 189]
Narrative 207, Index 189: [39, 86, 89, 115, 116, 185, 189]
Narrative 208, Index 99: [64, 67, 88, 99, 104, 115, 142, 160, 162, 175, 184, 196, 202, 204, 216, 220, 222, 236, 244, 248, 250, 254, 257]
Narrative 208, Index 220: [67, 99, 204, 216, 220, 257]
Narrative 209, Index 155: [85, 155, 170]
Narrative 209, Index 170: [85, 155, 170]
Narrative 210, Index 59: [59]
Narrative 211, Index 206: [206, 210]
Narrative 211, Index 210: [206, 210]
Narrative 212, Index 59: [45, 59, 128]
Narrative 212, Index 128: [45, 59, 128]
Narrative 213, Index 179: [179, 186, 220, 231, 234, 241, 244, 245, 255]
Narrative 213, Index 231: [179, 186, 214, 220, 231, 234, 241, 244, 245, 255]
Narrative 213, Index 241: [179, 186, 192, 214, 220, 231, 234, 241, 244, 245, 255]
Narrative 213, Index 245: [179, 231, 241, 244, 245]
Narrative 214, Index 21: [18, 21, 31, 39, 45, 65, 102, 115, 123, 148, 156, 207]
Narrative 214, Index 31: [18, 21, 31, 65, 115, 123, 148, 156, 207]
Narrative 214, Index 65: [18, 21, 31, 39, 45, 65, 102, 115, 123, 139, 148, 156, 207]
Narrative 214, Index 115: [18, 21, 31, 39, 45, 65, 102, 115, 123, 148, 156, 207]
Narrative 214, Index 123: [18, 21, 31, 65, 115, 123, 148, 156, 207]
Narrative 214, Index 148: [18, 21, 31, 39, 45, 65, 102, 115, 123, 148, 156, 207]
Narrative 214, Index 156: [18, 21, 31, 65, 115, 123, 148, 156, 207]
Narrative 214, Index 207: [18, 21, 31, 65, 115, 123, 148, 156, 207]
Narrative 215, Index 51: [11, 22, 51, 59, 112, 115, 122, 156, 175, 213, 220, 222, 228]
Narrative 215, Index 115: [51, 115, 122, 156, 220, 222]
Narrative 215, Index 220: [51, 115, 122, 156, 220, 222]
Narrative 215, Index 222: [51, 115, 122, 156, 220, 222]
Narrative 216, Index 92: [92, 103, 113, 140, 147, 184, 223, 226]
Narrative 216, Index 103: [21, 24, 39, 49, 53, 57, 58, 70, 77, 89, 92, 99, 103, 104, 113, 122, 134, 140, 147, 184, 187, 198, 201, 204, 223, 225, 226, 230]
Narrative 216, Index 113: [92, 103, 113, 140, 147, 184, 223, 225, 226]
Narrative 216, Index 140: [92, 103, 113, 140, 147, 184, 223, 226]
Narrative 216, Index 147: [92, 103, 113, 140, 147, 184, 223, 226]
Narrative 216, Index 184: [92, 103, 113, 140, 147, 184, 223, 226]
Narrative 216, Index 223: [92, 103, 113, 140, 147, 184, 223, 226]
Narrative 216, Index 226: [21, 24, 39, 57, 58, 89, 92, 103, 113, 122, 140, 147, 184, 201, 204, 223, 225, 226, 230]
Narrative 217, Index 65: [65, 101, 134]
Narrative 218, Index 30: [16, 30, 43, 44, 52, 73, 74, 82, 88, 97, 138, 145, 148]
Narrative 218, Index 43: [30, 43, 44, 52, 73, 82, 88, 138, 145, 148]
Narrative 218, Index 44: [30, 43, 44, 52, 73, 82, 138, 145, 148]
Narrative 218, Index 52: [30, 43, 44, 52, 73, 82, 88, 138, 145, 148]
Narrative 218, Index 145: [30, 43, 44, 52, 73, 82, 88, 138, 145, 148]
Narrative 218, Index 148: [30, 43, 44, 52, 73, 82, 88, 138, 145, 148]
Narrative 219, Index 66: [66, 69, 81, 117, 146]
Narrative 219, Index 81: [66, 69, 81, 117, 146]
Narrative 219, Index 117: [66, 81, 117, 146]
Narrative 219, Index 146: [13, 61, 63, 66, 69, 70, 81, 117, 142, 146, 157]
Narrative 220, Index 40: [40, 56, 61, 74, 78, 83, 90, 106, 110, 130, 205]
Narrative 220, Index 56: [40, 56, 74, 83, 90, 106, 130, 205]
Narrative 220, Index 74: [40, 56, 74, 83, 90, 106, 110, 130, 205]
Narrative 220, Index 83: [40, 56, 74, 83, 90, 106, 110, 130, 205]
Narrative 220, Index 90: [40, 56, 74, 83, 90, 106, 110, 130, 205]
Narrative 220, Index 106: [40, 56, 74, 83, 90, 106, 110, 130, 205]
Narrative 220, Index 130: [40, 56, 74, 83, 90, 106, 110, 130, 205]
Narrative 220, Index 205: [40, 56, 74, 83, 90, 106, 110, 130, 205]
Narrative 221, Index 35: [35, 86]
Narrative 221, Index 86: [23, 33, 35, 47, 86]
Narrative 222, Index 72: [72, 86, 97, 105, 120]
Narrative 222, Index 97: [72, 86, 97, 105]
Narrative 222, Index 105: [72, 97, 105]
Narrative 223, Index 98: [29, 59, 98, 118, 146, 223, 251]
Narrative 223, Index 118: [18, 29, 30, 49, 59, 60, 68, 75, 86, 98, 101, 105, 110, 117, 118, 120, 126, 136, 146, 148, 150, 169, 204, 206, 223, 228, 229, 251]
Narrative 223, Index 146: [59, 98, 118, 146, 223]
Narrative 223, Index 223: [59, 98, 118, 146, 223]
Narrative 224, Index 96: [9, 17, 27, 28, 41, 45, 53, 55, 76, 80, 83, 96, 103, 106, 111, 113, 118, 120, 121, 123, 133, 136, 137]
Narrative 225, Index 12: [12, 100, 167, 187]
Narrative 225, Index 100: [12, 100, 167, 187]
Narrative 225, Index 167: [12, 100, 167, 187]
Narrative 225, Index 187: [11, 12, 17, 18, 19, 26, 27, 32, 33, 36, 37, 38, 41, 44, 46, 50, 51, 60, 64, 97, 100, 103, 106, 120, 122, 124, 127, 132, 134, 140, 144, 147, 152, 155, 164, 167, 171, 172, 177, 181, 186, 187, 190, 193]
Narrative 226, Index 6: [6, 11, 60, 66, 97, 103, 125]
Narrative 226, Index 11: [6, 11, 60, 66, 97, 103, 125]
Narrative 226, Index 60: [6, 11, 60, 66, 97, 103, 125]
Narrative 226, Index 97: [6, 11, 60, 66, 97, 103, 125]
Narrative 226, Index 125: [6, 11, 60, 66, 97, 103, 125]
Narrative 227, Index 30: [18, 21, 30, 37, 40, 55, 58, 68, 83, 84, 94, 104, 107, 110, 122, 124, 158, 161, 163, 166, 167, 175, 186, 188, 196, 208, 213, 226, 229, 232, 245, 249]
Narrative 227, Index 68: [30, 37, 68, 94, 107, 122, 163, 166, 175, 186, 229, 232, 249]
Narrative 227, Index 175: [30, 37, 68, 94, 107, 122, 163, 166, 175, 186, 229, 232, 249]
Narrative 227, Index 232: [30, 68, 122, 163, 175, 232, 249]
Narrative 227, Index 249: [30, 68, 163, 175, 232, 249]
Narrative 229, Index 109: [109]
Narrative 230, Index 76: [76, 153, 155, 166, 168, 206]
Narrative 230, Index 155: [76, 153, 155, 166, 168, 206]
Narrative 230, Index 166: [76, 155, 166, 168, 206]
Narrative 230, Index 168: [76, 153, 155, 166, 168, 206]
Narrative 231, Index 29: [29, 32, 55, 72, 84, 89, 109, 118, 127, 135]
Narrative 231, Index 32: [29, 32, 55, 72, 84, 89, 118, 127, 135]
Narrative 231, Index 55: [13, 21, 28, 29, 32, 47, 55, 56, 62, 72, 83, 84, 89, 90, 100, 105, 109, 118, 121, 127, 131, 135]
Narrative 231, Index 72: [29, 32, 55, 72, 84, 89, 118, 135]
Narrative 231, Index 89: [29, 32, 55, 72, 84, 89, 118, 135]
Narrative 231, Index 118: [29, 32, 55, 72, 84, 89, 118, 135]
Narrative 231, Index 135: [29, 32, 55, 72, 84, 89, 118, 135]
Narrative 232, Index 27: [27, 30, 38, 70, 112]
Narrative 233, Index 30: [30, 34, 52, 78, 93, 115]
Narrative 233, Index 52: [30, 52, 115]
Narrative 233, Index 115: [30, 52, 115]
Narrative 234, Index 62: [38, 62, 70, 89, 113, 123]
Narrative 234, Index 70: [19, 38, 42, 47, 54, 55, 62, 63, 70, 73, 74, 89, 91, 97, 100, 107, 110, 113, 123, 124]
Narrative 234, Index 89: [38, 55, 62, 70, 89, 97, 113, 123]
Narrative 236, Index 169: [107, 119, 164, 166, 168, 169, 170, 192, 197]
Narrative 237, Index 99: [99]
Narrative 238, Index 146: [7, 39, 74, 76, 83, 95, 102, 132, 146, 154, 157, 165, 170, 182, 185, 191, 204, 206, 214, 215, 227, 228, 232]
Narrative 238, Index 170: [74, 146, 170, 185, 206, 214, 215, 227]
Narrative 238, Index 185: [74, 146, 170, 185, 206, 214, 215, 227]
Narrative 238, Index 206: [7, 32, 39, 74, 76, 83, 95, 102, 132, 146, 154, 165, 170, 173, 182, 185, 191, 204, 206, 214, 215, 223, 227, 228, 232]
Narrative 238, Index 214: [74, 146, 170, 185, 206, 214, 215, 227]
Narrative 238, Index 215: [7, 74, 102, 146, 170, 185, 206, 214, 215, 227]
Narrative 238, Index 227: [146, 170, 185, 206, 214, 215, 227]
Narrative 239, Index 162: [162, 165, 242, 253]
Narrative 239, Index 165: [162, 165, 242, 253]
Narrative 239, Index 242: [162, 165, 242, 253]
Narrative 240, Index 2: [2, 67, 97, 141, 225, 272]
Narrative 240, Index 97: [2, 67, 97, 141, 225, 272]
Narrative 240, Index 225: [2, 67, 97, 141, 225, 272]
Narrative 240, Index 272: [2, 67, 97, 141, 225, 272]
Narrative 241, Index 49: [49, 85, 86, 147, 215]
Narrative 241, Index 85: [49, 85, 86, 147, 215]
Narrative 241, Index 147: [49, 85, 86, 147, 215]
Narrative 241, Index 215: [49, 85, 147, 215]
Narrative 242, Index 10: [10, 28]
Narrative 243, Index 88: [88, 138]
Narrative 243, Index 138: [88, 138]
Narrative 244, Index 20: [20, 65]
Narrative 244, Index 65: [20, 65]
Narrative 245, Index 61: [61, 79, 82, 119, 129]
Narrative 245, Index 79: [61, 79, 82, 119, 129, 185]
Narrative 245, Index 82: [61, 79, 82, 119, 129]
Narrative 245, Index 129: [61, 79, 82, 119, 129, 185]
Narrative 246, Index 59: [59, 71]
Narrative 246, Index 71: [59, 71]
Narrative 247, Index 70: [22, 60, 65, 70, 82, 84, 93, 95, 107, 127, 135, 138, 140, 154, 156, 178, 180, 195, 208, 222, 226, 227]
Narrative 247, Index 84: [22, 60, 70, 84, 95, 107, 135, 156, 178, 180]
Narrative 247, Index 107: [12, 19, 22, 35, 44, 48, 54, 59, 60, 61, 64, 65, 70, 74, 82, 84, 86, 91, 93, 95, 101, 107, 115, 121, 124, 127, 135, 138, 140, 144, 149, 154, 156, 160, 161, 166, 172, 178, 180, 181, 182, 192, 195, 208, 213, 218, 222, 223, 226, 227, 229, 232, 249, 250, 256, 257]
Narrative 247, Index 135: [22, 60, 70, 82, 84, 93, 95, 107, 127, 135, 138, 140, 154, 156, 178, 180, 195, 208, 226]
Narrative 247, Index 156: [70, 84, 107, 135, 156, 180]
Narrative 249, Index 124: [95, 124, 136, 139, 155, 179]
Narrative 249, Index 139: [124, 139, 155]
Narrative 250, Index 19: [19, 23, 27, 36, 100, 157, 159, 210, 238, 249]
Narrative 250, Index 27: [19, 23, 27, 36, 100, 157, 159, 210, 217, 238, 249]
Narrative 250, Index 36: [19, 23, 27, 36, 100, 157, 159, 210, 217, 236, 238, 249]
Narrative 250, Index 100: [19, 23, 27, 36, 100, 157, 210, 238, 249]
Narrative 250, Index 157: [19, 23, 27, 36, 100, 157, 210, 238, 249]
Narrative 250, Index 210: [19, 23, 27, 36, 100, 157, 159, 210, 217, 236, 238, 249]
Narrative 250, Index 238: [19, 23, 27, 36, 100, 157, 159, 165, 210, 217, 236, 237, 238, 245, 249]
Narrative 250, Index 249: [19, 23, 27, 36, 100, 157, 159, 210, 238, 249]
Narrative 251, Index 33: [33, 37, 52, 55, 100, 161, 172, 204, 205]
Narrative 251, Index 100: [33, 37, 100, 161, 172, 204, 205]
Narrative 251, Index 204: [33, 37, 52, 55, 100, 161, 172, 204, 205]
Narrative 251, Index 205: [33, 37, 55, 100, 161, 172, 204, 205]
Narrative 253, Index 97: [97]
Narrative 254, Index 156: [135, 156, 165, 186, 211, 238, 266]
Narrative 254, Index 165: [135, 156, 165, 186, 211, 238, 266]
Narrative 254, Index 186: [135, 156, 165, 186, 211, 238, 266]
Narrative 254, Index 238: [135, 156, 165, 186, 211, 238, 266]
Narrative 255, Index 96: [96, 113, 150, 155, 174, 231]
Narrative 255, Index 113: [96, 113, 150, 155, 174, 231]
Narrative 255, Index 150: [96, 113, 150, 155, 174, 231]
Narrative 255, Index 155: [96, 113, 150, 155, 174, 231]
Narrative 255, Index 174: [96, 113, 150, 155, 174, 231]
Narrative 255, Index 231: [96, 113, 150, 155, 174, 231]
Narrative 256, Index 47: [47, 49, 97, 105, 120]
Narrative 256, Index 97: [47, 49, 97, 105]
Narrative 256, Index 105: [47, 49, 97, 105]
Narrative 257, Index 90: [90, 96]
Narrative 257, Index 96: [74, 90, 96]
Narrative 258, Index 7: [7, 103, 107, 118, 120, 129, 135]
Narrative 258, Index 103: [7, 103, 107, 118, 120, 129, 135]
Narrative 258, Index 118: [7, 41, 49, 82, 85, 103, 105, 107, 118, 120, 126, 129, 135, 165]
Narrative 258, Index 120: [7, 103, 107, 118, 120, 129, 135]
Narrative 258, Index 135: [7, 82, 103, 107, 118, 120, 129, 135]
Narrative 259, Index 149: [95, 103, 133, 149, 159, 177]
Narrative 259, Index 159: [103, 133, 149, 159, 177]
Narrative 259, Index 177: [87, 95, 103, 114, 119, 128, 133, 149, 159, 177]
Narrative 260, Index 7: [7, 20, 32, 37, 80, 92, 119, 124, 126]
Narrative 260, Index 119: [7, 119]
Narrative 262, Index 48: [48, 50, 74]
Narrative 262, Index 50: [48, 50, 74, 83]
Narrative 262, Index 74: [48, 50, 74, 83]
Narrative 263, Index 10: [10, 12, 20, 90, 147, 153, 169, 227, 258, 275, 278, 287]
Narrative 263, Index 12: [10, 12, 20, 23, 40, 43, 45, 57, 80, 90, 105, 147, 153, 169, 189, 218, 222, 227, 233, 241, 258, 275, 278, 284, 287, 288]
Narrative 263, Index 90: [10, 12, 90, 147, 153, 169, 227, 275, 278, 287]
Narrative 263, Index 147: [10, 12, 20, 45, 90, 147, 153, 169, 189, 218, 227, 258, 275, 278, 287, 288]
Narrative 263, Index 169: [10, 12, 90, 147, 153, 169, 227, 258, 275, 278, 287]
Narrative 263, Index 275: [10, 12, 90, 147, 153, 169, 227, 275, 278, 287]
Narrative 263, Index 278: [10, 12, 90, 147, 153, 169, 227, 275, 278, 287]
Narrative 263, Index 287: [10, 12, 90, 147, 153, 169, 227, 258, 275, 278, 287]
Narrative 264, Index 56: [56, 100, 101, 109]
Narrative 264, Index 100: [56, 100, 101, 109]
Narrative 264, Index 101: [56, 100, 101, 109]
Narrative 264, Index 109: [56, 100, 101, 109]
Narrative 265, Index 133: [63, 73, 105, 115, 133, 141, 171, 172, 179, 200, 202, 205, 259]
Narrative 265, Index 172: [133, 172, 200, 202, 259]
Narrative 265, Index 200: [63, 73, 105, 113, 115, 133, 136, 141, 147, 171, 172, 179, 200, 202, 205, 234, 259]
Narrative 265, Index 202: [133, 172, 200, 202, 259]
Narrative 265, Index 259: [63, 133, 141, 172, 200, 202, 205, 259]
Narrative 266, Index 58: [58]
Narrative 267, Index 36: [36, 50, 90, 103, 126, 137]
Narrative 267, Index 50: [28, 29, 31, 36, 40, 48, 50, 51, 88, 90, 103, 107, 113, 119, 122, 126, 137, 144]
Narrative 267, Index 90: [36, 50, 90, 103, 126, 137]
Narrative 267, Index 103: [36, 50, 90, 103, 126, 137]
Narrative 267, Index 126: [36, 50, 90, 103, 126, 137]
Narrative 267, Index 137: [29, 36, 50, 90, 103, 107, 119, 126, 137]
Narrative 268, Index 11: [11, 76, 96, 114, 116, 138, 169, 200, 206, 225]
Narrative 268, Index 76: [11, 76, 96, 114, 116, 138, 169, 200, 206, 225]
Narrative 268, Index 96: [11, 76, 96, 114, 116, 138, 169, 200, 206, 225]
Narrative 268, Index 116: [11, 35, 76, 96, 114, 116, 138, 169, 200, 206, 225]
Narrative 268, Index 138: [11, 76, 96, 114, 116, 138, 169, 200, 206, 225]
Narrative 268, Index 169: [11, 76, 96, 114, 116, 138, 169, 200, 206, 225]
Narrative 268, Index 200: [11, 76, 96, 114, 116, 138, 169, 200, 206, 225]
Narrative 268, Index 206: [11, 35, 76, 84, 96, 114, 116, 124, 130, 138, 160, 163, 169, 200, 206, 225]
Narrative 268, Index 225: [11, 76, 96, 114, 116, 138, 169, 200, 206, 225]
Narrative 269, Index 75: [34, 54, 75, 91, 92, 106]
Narrative 269, Index 91: [34, 54, 75, 91, 92, 106]
Narrative 269, Index 92: [34, 54, 75, 91, 92, 106]
Narrative 270, Index 4: [4, 14, 36, 55, 69, 101, 127, 131, 139]
Narrative 270, Index 14: [4, 14, 36, 55, 69, 101, 103, 117, 127, 131, 137, 139]
Narrative 270, Index 55: [4, 14, 55, 101, 127]
Narrative 270, Index 101: [4, 14, 36, 55, 69, 101, 127, 139]
Narrative 271, Index 53: [53, 101, 109, 163, 174]
Narrative 271, Index 101: [53, 60, 66, 101, 109, 152, 158, 163, 165, 174, 180]
Narrative 271, Index 109: [53, 101, 109, 163, 165, 174]
Narrative 271, Index 163: [53, 60, 66, 96, 101, 109, 133, 152, 158, 163, 165, 174, 180]
Narrative 271, Index 174: [53, 60, 66, 101, 109, 152, 158, 163, 165, 174, 180]
Narrative 272, Index 65: [14, 16, 65, 92, 121, 125, 132, 138, 147, 158, 175, 195, 196]
Narrative 272, Index 125: [65, 125, 138, 147, 158, 175, 195]
Narrative 272, Index 147: [65, 125, 147, 175, 195]
Narrative 272, Index 175: [65, 125, 138, 147, 158, 175, 195]
Narrative 272, Index 195: [65, 125, 138, 147, 158, 175, 195]
Narrative 273, Index 128: [25, 66, 128, 134, 139, 160]
Narrative 273, Index 134: [11, 25, 66, 128, 134, 139, 146, 160]
Narrative 273, Index 160: [25, 66, 128, 134, 139, 160]
Narrative 274, Index 136: [76, 105, 136, 175]
Narrative 274, Index 175: [76, 136, 175]
Narrative 276, Index 95: [95]
Narrative 277, Index 50: [50]
Narrative 278, Index 115: [6, 63, 98, 115, 130]
Narrative 279, Index 36: [36, 42, 76, 172]
Narrative 279, Index 42: [36, 42, 46, 76, 163, 172, 284]
Narrative 279, Index 76: [36, 42, 76]
Narrative 280, Index 77: [77, 94, 97]
Narrative 280, Index 97: [77, 94, 97]
Narrative 281, Index 16: [16, 49, 52, 70, 85, 90, 94, 95, 99, 215, 232, 270, 275, 290, 294]
Narrative 281, Index 49: [16, 49, 52, 70, 85, 90, 94, 95, 99, 117, 215, 232, 270, 275, 290, 294]
Narrative 281, Index 52: [16, 49, 52, 70, 90, 94, 95, 99, 117, 215, 232, 270, 275, 290, 294]
Narrative 281, Index 70: [16, 49, 52, 70, 90, 94, 95, 99, 215, 232, 270, 275, 290, 294]
Narrative 281, Index 90: [16, 49, 52, 70, 85, 90, 94, 95, 99, 117, 215, 232, 270, 275, 290, 294]
Narrative 281, Index 94: [16, 49, 52, 70, 90, 94, 95, 99, 215, 232, 270, 275, 290, 294]
Narrative 281, Index 99: [16, 49, 52, 70, 90, 94, 95, 99, 215, 232, 270, 275, 290, 294]
Narrative 281, Index 215: [16, 49, 52, 70, 90, 94, 99, 215, 232, 270, 275, 290, 294]
Narrative 281, Index 232: [16, 49, 52, 70, 90, 94, 99, 215, 232, 270, 275, 290, 294]
Narrative 281, Index 275: [16, 49, 52, 66, 70, 85, 90, 94, 95, 98, 99, 106, 117, 145, 215, 232, 270, 275, 290, 294]
Narrative 281, Index 290: [16, 49, 52, 70, 90, 94, 99, 215, 232, 270, 275, 290, 294]
Narrative 281, Index 294: [16, 49, 52, 70, 90, 94, 95, 99, 117, 215, 232, 270, 275, 290, 294]
Narrative 282, Index 31: [31, 34, 37, 46, 75, 84, 94, 96, 105, 106, 122, 174, 200, 207]
Narrative 282, Index 37: [31, 34, 37, 46, 75, 84, 96, 106, 122, 174, 200]
Narrative 282, Index 46: [31, 37, 46, 75, 84, 96, 122, 200]
Narrative 282, Index 75: [31, 37, 46, 75, 84, 96, 106, 122, 174, 200]
Narrative 282, Index 84: [31, 37, 46, 75, 84, 96, 122, 200]
Narrative 282, Index 96: [31, 37, 46, 75, 84, 96, 122, 200]
Narrative 282, Index 200: [31, 32, 34, 37, 42, 46, 62, 75, 84, 87, 94, 96, 105, 106, 122, 127, 129, 134, 174, 187, 200, 204, 207]
Narrative 283, Index 24: [2, 5, 8, 23, 24, 55, 64, 70, 80, 85, 100]
Narrative 283, Index 64: [24, 64, 80]
Narrative 284, Index 6: [6, 97, 124, 132]
Narrative 284, Index 97: [6, 97, 124, 132]
Narrative 284, Index 124: [6, 97, 124, 132]
Narrative 284, Index 132: [6, 97, 124, 132]
Narrative 285, Index 71: [54, 71, 105, 107]
Narrative 285, Index 105: [54, 71, 89, 105, 107]
Narrative 285, Index 107: [54, 71, 89, 105, 107]
Narrative 286, Index 94: [69, 94, 104]
Narrative 286, Index 104: [94, 104]
Narrative 287, Index 25: [13, 25, 46]
Narrative 288, Index 17: [17, 96, 100, 110, 111, 128, 149, 205, 213, 219, 221, 256, 286, 288]
Narrative 288, Index 100: [17, 100, 110, 128, 149, 213, 219, 256, 286, 288]
Narrative 288, Index 110: [17, 96, 100, 110, 111, 128, 149, 213, 219, 256, 286, 288]
Narrative 288, Index 128: [17, 100, 110, 111, 128, 149, 213, 219, 256, 286, 288]
Narrative 288, Index 149: [17, 100, 110, 128, 149, 213, 219, 256, 286, 288]
Narrative 288, Index 213: [17, 100, 110, 111, 128, 149, 213, 219, 256, 286, 288]
Narrative 288, Index 219: [17, 42, 45, 52, 59, 96, 99, 100, 110, 111, 128, 138, 139, 149, 187, 191, 195, 205, 213, 219, 221, 241, 256, 267, 271, 286, 288]
Narrative 288, Index 256: [17, 42, 45, 52, 59, 96, 99, 100, 110, 111, 128, 138, 139, 149, 187, 191, 195, 205, 213, 219, 221, 241, 256, 267, 271, 286, 288]
Narrative 288, Index 286: [17, 96, 100, 110, 111, 128, 149, 213, 219, 221, 256, 286, 288]
Narrative 288, Index 288: [17, 96, 100, 110, 111, 128, 149, 213, 219, 256, 286, 288]
Narrative 291, Index 94: [33, 34, 44, 64, 89, 94, 103, 129, 139, 150, 159, 166]
Narrative 291, Index 139: [94, 103, 139]
Narrative 292, Index 77: [77, 87]
Narrative 292, Index 87: [77, 87, 135]
Narrative 293, Index 33: [32, 33, 44, 92]
Narrative 294, Index 104: [84, 104, 119, 145, 151]
Narrative 294, Index 119: [104, 119, 145, 151]
Narrative 294, Index 145: [84, 104, 119, 145, 151]
Narrative 294, Index 151: [84, 104, 119, 145, 151]
Narrative 295, Index 64: [12, 64, 73, 97, 120, 145]
Narrative 295, Index 73: [12, 64, 73, 120, 145]
Narrative 295, Index 120: [64, 73, 120, 145]
Narrative 295, Index 145: [64, 73, 120, 145]
Narrative 296, Index 89: [85, 88, 89, 97, 164, 166, 198, 203, 221, 279]
Narrative 296, Index 97: [85, 88, 89, 97, 164, 166, 198, 203, 221, 279]
Narrative 296, Index 164: [29, 40, 51, 65, 77, 79, 85, 88, 89, 91, 97, 143, 154, 164, 165, 166, 173, 198, 203, 217, 221, 232, 272, 279, 281, 290, 291]
Narrative 296, Index 198: [85, 88, 89, 97, 164, 166, 198, 203, 221, 279]
Narrative 296, Index 203: [85, 88, 89, 97, 164, 166, 198, 203, 221, 279]
Narrative 296, Index 221: [85, 88, 89, 97, 164, 166, 198, 203, 221, 279]
Narrative 296, Index 279: [85, 88, 89, 97, 164, 166, 198, 203, 221, 279]
Narrative 297, Index 87: [87, 139, 143, 150, 151]
Narrative 297, Index 139: [87, 139, 143, 150, 151]
Narrative 297, Index 143: [87, 139, 143, 150, 151]
Narrative 297, Index 150: [87, 139, 143, 150, 151]
Narrative 297, Index 151: [31, 73, 78, 87, 119, 139, 143, 150, 151, 158, 185]
Narrative 298, Index 51: [10, 15, 29, 44, 51, 64, 73, 79, 83, 90, 105, 114, 120, 153, 156, 160, 192, 224, 230]
Narrative 298, Index 64: [29, 51, 64, 73, 79, 83, 90, 105, 153, 160, 192, 224, 230]
Narrative 298, Index 105: [15, 29, 44, 51, 64, 73, 79, 83, 90, 105, 153, 160, 192, 224, 230]
Narrative 298, Index 153: [51, 64, 73, 90, 105, 153, 160, 192, 224, 230]
Narrative 298, Index 192: [51, 64, 73, 90, 105, 153, 160, 192, 224, 230]
Narrative 298, Index 224: [51, 64, 73, 90, 105, 153, 160, 192, 224, 230]
Narrative 298, Index 230: [51, 64, 73, 90, 105, 153, 160, 192, 224, 230]
